0.100000 1.000000
0.100000 1.000000
0.100000 0.990000
0.100000 0.970100
0.100000 0.940499
0.100000 0.901493
0.100000 0.853472
0.100000 0.796916
0.100000 0.732391
0.100000 0.660542
0.100000 0.582088
0.100000 0.497813
0.100000 0.408560
0.100000 0.315221
0.100000 0.218729
0.100000 0.120051
0.100000 0.020172
0.100000 -0.079909
0.100000 -0.179190
0.100000 -0.276680
0.100000 -0.371403
0.100000 -0.462412
0.100000 -0.548797
0.100000 -0.629693
0.100000 -0.704293
0.100000 -0.771850
0.100000 -0.831688
0.100000 -0.883210
0.100000 -0.925899
0.100000 -0.959329
0.100000 -0.983166
0.100000 -0.997171
0.100000 -1.001205
0.100000 -0.995226
0.100000 -0.979295
0.100000 -0.953572
0.100000 -0.918312
0.100000 -0.873869
0.100000 -0.820688
0.100000 -0.759299
0.100000 -0.690318
0.100000 -0.614433
0.100000 -0.532404
0.100000 -0.445051
0.100000 -0.353248
0.100000 -0.257912
0.100000 -0.159997
0.100000 -0.060482
0.100000 0.039638
0.100000 0.139362
0.100000 0.237692
0.100000 0.333645
0.100000 0.426261
0.100000 0.514615
0.100000 0.597823
0.100000 0.675052
0.100000 0.745531
0.100000 0.808555
0.100000 0.863493
0.100000 0.909796
0.100000 0.947001
0.100000 0.974736
0.100000 0.992724
0.100000 1.000784
0.100000 0.998837
0.100000 0.986901
0.100000 0.965096
0.100000 0.933640
0.100000 0.892848
0.100000 0.843127
0.100000 0.784975
0.100000 0.718973
0.100000 0.645781
0.100000 0.566132
0.100000 0.480821
0.100000 0.390702
0.100000 0.296676
0.100000 0.199683
0.100000 0.100693
0.100000 0.000697
0.100000 -0.099307
0.100000 -0.198317
0.100000 -0.295345
0.100000 -0.389419
0.100000 -0.479598
0.100000 -0.564982
0.100000 -0.644716
0.100000 -0.718002
0.100000 -0.784109
0.100000 -0.842375
0.100000 -0.892216
0.100000 -0.933136
0.100000 -0.964724
0.100000 -0.986665
0.100000 -0.998739
0.100000 -1.000826
0.100000 -0.992904
0.100000 -0.975054
0.100000 -0.947453
0.100000 -0.910377
0.100000 -0.864198
0.100000 -0.809376
0.100000 -0.746461
0.100000 -0.676081
0.100000 -0.598940
0.100000 -0.515810
0.100000 -0.427522
0.100000 -0.334958
0.100000 -0.239045
0.100000 -0.140741
0.100000 -0.041030
0.100000 0.059091
0.100000 0.158621
0.100000 0.256565
0.100000 0.351944
0.100000 0.443803
0.100000 0.531224
0.100000 0.613333
0.100000 0.689308
0.100000 0.758390
0.100000 0.819889
0.100000 0.873188
0.100000 0.917756
0.100000 0.953146
0.100000 0.979004
0.100000 0.995073
0.100000 1.001190
0.100000 0.997296
0.100000 0.983429
0.100000 0.959727
0.100000 0.926428
0.100000 0.883865
0.100000 0.832463
0.100000 0.772737
0.100000 0.705283
0.100000 0.630776
0.100000 0.549962
0.100000 0.463647
0.100000 0.372697
0.100000 0.278019
0.100000 0.180561
0.100000 0.081298
0.100000 -0.018779
0.100000 -0.118667
0.100000 -0.217369
0.100000 -0.313898
0.100000 -0.407287
0.100000 -0.496603
0.100000 -0.580954
0.100000 -0.659494
0.100000 -0.731440
0.100000 -0.796072
0.100000 -0.852742
0.100000 -0.900886
0.100000 -0.940020
0.100000 -0.969754
0.100000 -0.989791
0.100000 -0.999929
0.100000 -1.000068
0.100000 -0.990207
0.100000 -0.970443
0.100000 -0.940975
0.100000 -0.902098
0.100000 -0.854199
0.100000 -0.797758
0.100000 -0.733340
0.100000 -0.661588
0.100000 -0.583220
0.100000 -0.499020
0.100000 -0.409830
0.100000 -0.316542
0.100000 -0.220088
0.100000 -0.121433
0.100000 -0.021564
0.100000 0.078521
0.100000 0.177821
0.100000 0.275342
0.100000 0.370110
0.100000 0.461177
0.100000 0.547632
0.100000 0.628610
0.100000 0.703303
0.100000 0.770962
0.100000 0.830912
0.100000 0.882553
0.100000 0.925368
0.100000 0.958930
0.100000 0.982902
0.100000 0.997045
0.100000 1.001217
0.100000 0.995378
0.100000 0.979584
0.100000 0.953995
0.100000 0.918866
0.100000 0.874548
0.100000 0.821484
0.100000 0.760206
0.100000 0.691326
0.100000 0.615532
0.100000 0.533583
