
Macierz A
           1	           2	           3	
           4	           5	           6	
           7	           8	           9	

Macierz B
         1.1	           2	           3	
           4	           5	           6	
           7	           8	           9	

Macierz LA
           1	           0	           0	
    0.142857	           1	           0	
    0.571429	         0.5	           1	

Macierz UA
           7	           8	           9	
           0	    0.857143	     1.71429	
           0	           0	       1e-20	

Macierz LB
           1	           0	           0	
    0.157143	           1	           0	
    0.571429	    0.576923	           1	

Macierz UB
           7	           8	           9	
           0	    0.742857	     1.58571	
           0	           0	  -0.0576923	

Macierz A^-1
      -5e+19	       1e+20	      -5e+19	
       1e+20	      -2e+20	       1e+20	
      -5e+19	       1e+20	      -5e+19	

Macierz B^-1
          10	         -20	          10	
         -20	          37	         -18	
          10	    -17.3333	     8.33334	

Macierz A*A^-1
           0	           0	           0	
 3.51844e+13	-7.03687e+13	           0	
           0	           0	           0	

Macierz B*B^-1
           1	           0	 1.90735e-06	
 -3.8147e-06	           1	  3.8147e-06	
           0	           0	           1	
